16425383
19625027
19625126
19725178
16925240
16325113
16425356
16625307
16925112
16125129
16625367
19725358
16425434
16225012
16725064
16425415
16025048
16025376
16725300
16025225
16025411
19625067
16725369
16325273
19725334
16725326
16525041
16025005
16025292
16925227
16825416
16625271
16825176
16425348
16425396
16925267
16325429
16025098
19625172
16925231
16625010
16825134
16325021
16825291
16725347
16725130
16725387
19925049
16725015
16125138
19725201
16625100
19925017
16725298
16025387
16825296
19625141
19625206
16325147
16125127
19925015
16625047
16525188
16725023
16225074
16625311
16325243
19925014
16625028
19925100
16425327
16625061
16525162
16725562
16025406
16625229
16725299
16425060
19625034
16225117
16525113
19725087
19625222
16025200
16325001
16325149
16325406
16225106
16025194
16725055
16025272
16825199
16925106
16425141
16325132
16425305
16325159
16125076
16325247
19725109
16725253
16325072
16425129
16725462
19625058
19925097
16125020
16825144
16425215
16125123
16625104
16725487
16025065
16925121
16825375
19625062
16525062
16925011
16025231
16325189
16825322
16525186
16325069
16125059
16125031
19825073
16125006
16525035
16825186
16925347
19725065
16025153
16025302
16425029
19725032
16325341
16025373
16625115
19925035
19825014
16025261
16425463
16525201
16025466
16625319
16725442
16325431
16625387
16525036
16225032
16225139
16025104
19625254
16725499
16625195
19725335
16525095
16425426
19825176
16425310
19625028
16025336
16325080
19625074
16525026
16825196
19625215
16925083
16225031
16925300
16425125
16025052
16625122
16025156
19725176
16025004
16025006
19625150
16725269
16425011
16925059
16025371
16625322
16725364
16325150
16725243
16025484
16025391
16625105
19825005
19625234
16025299
16025364
16825187
16625083
16425008
16725291
16425088
16525277
16025030
19625238
16725233
16425476
16525117
16925176
19925013
16725076
19725172
16425051
16225042
19825026
16225088
16025070
19825019
16325004
19925226
19725121
16025456
16025163
16625423
16525150
16725250
16025447
16125116
16025090
19725055
16425271
16225104
16925065
16425208
16425355
16025266
16325060
16025119
16925049
16625383
16025015
16225094
19925058
16425382
19625103
16625034
16625217
19625014
19625054
19625121
16725417
16025352
16525171
16725271
16425082
16625024
16725210
16025133
16025357
16325091
19825142
19925066
16725457
16025182
19925143
16125045
19825080
19725169
16725144
16425469
16225121
19725137
16625236
16325239
16125018
16825026
16325299
16025066
16925051
19725231
16025114
19825178
16325298
16325214
16825303
19925149
16025165
16025269
16825330
16625181
16325236
16825036
16925318
16625268
16425342
16525110
16625428
16425027
16325310
16925129
19825061
16425377
16625364
16325201
16125100
19625053
16625352
16625269
16925238
16825289
19925054
16825332
19725267
16825030
16025093
19625130
16825197
19925095
16025135
19625070
19725185
16225128
16125087
16525203
19625120
16725063
19625095
19825132
16725374
16425284
16725016
16725506
16025449
16925046
19825138
19625264
19825118
16825090
16725089
19625050
16925304
16725403
16025174
16425308
19625018
16625407
16725468
16625137
16325013
16725294
16325169
19725078
16425412
16425315
16925230
16325241
16525102
19925205
16925305
16325079
16425302
16325272
16125096
16325116
16025040
16025383
16225127
16025365
16425052
16925321
16025402
19625030
16725480
19825060
16725071
19925222
16525060
16125029
16025042
16125023
16025237
16725401
19825186
16825456
16025436
16325043
16825336
16225155
16425040
16125077
16325202
16025073
16225045
16325416
19725181
16725136
16525207
16425056
16325029
16625360
19925136
16725156
16725550
19625090
16425300
16725577
19725282
16925295
16925339
16225114
19725240
16725245
16625200
16725572
19725028
16625297
16825081
16025125
16025232
19925127
16725544
16925087
19625036
16625290
16725110
16425098
16925018
16225001
16725049
16725006
16825172
16325309
19625005
16325182
16425270
19625092
19925105
16325146
16225089
16725282
16925263
16125124
16925047
16725286
19925091
16225098
16925254
16025057
16025208
16525014
16725213
19925006
19725163
16525029
19725236
16725313
16025230
16425041
19725076
16025176
16025158
16025400
16425193
16825071
16925082
16025016
16125105
19925062
19925168
16025027
16725310
16725004
16325260
16725502
16525251
16325328
16825313
16125135
16625263
19625047
16725540
16825320
16825011
19725324
16025094
16225010
16025061
19925027
16425307
16825147
16525008
16625074
16325207
16125101
16825248
16425200
19725013
16425385
19625164
16325112
16025199
16725305
16025478
19625220
16525033
16425107
16925223
16725435
16725054
19925190
19625278
16425076
16725458
16325295
16725372
19625258
16825193
16525157
16625351
16825250
16325152
16225067
19925135
16425330
19925179
19825068
16525254
19625106
16425292
16525144
16425301
16325188
16225087
19925154
16225057
16225020
19825047
16325282
16125068
19625187
16325140
16425357
16625402
19625146
16425132
16625335
16725242
16625019
16025147
19625169
16425276
16325087
16725228
16325092
16925250
16225077
16725436
19625154
16225136
16225075
19925048
16525215
16125079
16725171
16825105
16625388
19925064
16225047
19725228
19625202
19625082
16425253
16025161
16025204
16825391
16425407
16625401
19625006
19725226
16725086
16025212
16025474
16925124
16825198
16425414
16325356
16925186
16925241
16825395
16625406
16425038
16625425
19925063
19825059
16325347
16225144
16525075
16125034
19725197
16625420
16625014
16525018
16225025
16225103
16025191
16325259
16625412
16625210
19825069
19725293
16825023
19625035
16925122
19925052
16525165
16925308
19825027
16625389
16825234
16025018
16925062
16725524
16025351
19725204
16125003
16725393
16725471
16725027
16325110
16325077
16725238
16425084
16325253
16525123
19625109
16925200
16625012
16025007
16225141
16725511
16025298
16925035
16525051
16325435
16225061
16925206
16025013
16425262
16325397
16725154
16425213
16025080
16925060
16025344
16325346
16225073
19725020
16625132
16325158
16025268
16325323
16025076
16225015
16725026
16225081
16725274
16825173
16425250
16525046
16025089
16225105
19925206
16725155
16925328
16325245
19725088
19725167
16625450
16125128
16725302
19725243
19625135
16525111
16125005
16825195
16525012
16025222
16725183
19625098
16725396
16325266
16925316
16525218
16825231
19625134
16525016
16125092
16725010
19725090
16825128
16325258
16725159
16925146
16025259
19925023
19625253
19725362
16325095
16325050
16325155
16425419
19925173
16525163
16125027
16025310
16825116
16025083
16825420
16725241
16825429
16825065
16025127
19825139
16725072
16025136
16225140
16025221
16825362
16425030
19925166
16825140
16625444
16625338
16725185
16725337
19925025
16725005
16825005
19725350
16025183
19925085
19925237
16925249
16625112
19625189
16625129
19625203
16325161
16625342
16525059
16025041
16825259
16925050
16625289
16025297
16325081
16725169
16525091
16925381
19825085
16225034
16725558
16825181
16725061
16325123
16725067
16025149
16325238
16825100
19725043
16725500
16125118
16725196
16825119
16425237
16725040
16825298
16825097
19625087
16425231
16925077
19725276
16925141
16425143
16425241
19925120
16825356
16925079
16525274
16425340
16925040
16325118
16425265
19825078
16925289
16825051
16825019
16025190
16425372
16825329
19725259
19825034
16325370
19625048
16825035
16225162
19925102
19925184
16925182
16425388
16925357
16025074
16725240
16125013
16825149
16025177
19625259
16925056
16825288
16925024
16425153
16625234
16025418
19625013
16125019
16825010
16425486
19925158
16425130
19625158
16925131
19625193
16925076
16725266
16825386
16825204
16725593
16625278
19725098
16925255
16125063
16625419
16725398
19725332
16025444
16925032
19925090
16525001
16825029
19725059
16325443
16725109
16525078
16625331
16925317
16925390
19725355
19725111
16925286
16625306
19725285
19925103
16325014
16325046
16225050
16625140
16425368
16225124
16225022
16825146
19925050
16325293
16525011
16325251
16225145
16625261
16725534
16025157
16425136
16725231
16925312
16425116
16925349
16325137
19925145
16325297
16425367
16425073
16425422
19625159
16625144
16025285
16625094
16425080
16525094
16625434
16325421
19825119
16625168
16425152
16425335
16325288
16425466
19725138
16025058
16425131
16425024
16725317
16725104
19825137
16925331
16625101
16025131
19825092
19725192
16025305
19825185
19625044
16125113
16925038
16325353
19625107
16925203
16725125
16425425
16225037
16925138
16625173
16725179
16025277
16225131
16725318
16325402
16725135
19725112
16425344
16325385
19925080
16725057
19825006
16725432
16525007
16925114
16325389
16625096
16725349
16725224
19625026
16225035
19625271
16325027
16725490
19925245
19925163
19625233
16025116
16725368
16025267
16925166
16425243
16925078
16825243
19625219
16425050
19625089
16525226
16625021
16725301
16325102
19725342
16325020
19725015
16625382
16525073
16925109
16325165
16625254
16625365
16425171
16025271
16725363
16825014
19625066
16725142
19925129
16525088
19825182
16425032
16525128
19725199
16625449
19625200
16625409
19625015
16325119
16925196
16725028
16725222
16325176
16325153
19925109
16025401
16725304
16225055
16625225
16725453
16625208
16625120
16825254
19725091
19625198
16425106
16625347
19625274
16425147
16925208
16125051
16725151
19825048
19925144
16225076
16025483
16725014
16725085
16725353
16525022
16125095
16025338
16325343
16425205
19825035
16625057
16225129
19625084
16625030
16425264
16025178
16625013
16625098
16025314
19625144
16425206
16525208
16625264
16825012
19925069
16425325
16925332
16025457
16325008
16425467
16625068
16325003
16925278
16125009
16825442
16325226
16525023
16625205
16725439
16025195
19625237
19625099
16725449
16225152
16925201
19925213
16525044
19925036
16525061
16525101
19825177
16025283
16025092
19625211
16125002
19725166
16425239
16325071
16325200
16025086
16625085
16725321
19725214
16725389
19725279
16525234
16725255
16425238
16225092
16325354
16025012
16925256
16425299
16825299
16125010
16025264
19825058
16725280
16625149
16825352
16325024
16725344
16425090
16725009
19825044
16925178
16825162
16525045
16325179
16925190
16225173
19925056
16825396
16525109
19625177
19925060
16225146
19825036
19725102
16125040
16625107
16625240
16325105
16625080
16725119
16425365
16325122
19925156
16225101
16725117
16725483
16825425
16425006
16825326
16825321
16725116
16625433
16025105
16925207
16025032
19625113
16425394
16625191
16825276
16425071
16525181
16425223
16725101
16925350
19925162
16825048
16925298
16725484
16325190
16225049
16025160
16925008
16825106
16725289
16725561
16725145
16425360
16525076
16225084
16725088
16725485
19925142
16625146
16625203
16625334
16425104
16425319
16925096
16425139
19925220
16625042
16425118
16925089
16825190
16325242
16625260
16025144
19925178
16625216
16425017
19725117
16625282
16425190
19625112
19625063
16725526
19825107
16925377
16425281
16225107
19725007
16525118
16725197
16025348
19825114
16925156
16725376
19725306
16625384
16025187
16925021
16325211
16425140
16725464
19725269
16625379
16925091
19625171
16525066
16325284
16125106
16925344
16325313
16025381
16225150
16725428
16325151
16825049
19625236
16325144
16425317
16625058
16925037
16725164
16625108
16225003
16125104
16525179
16925268
16325246
16925101
16225051
16525225
16425246
16725248
19625010
16425332
16325114
19925236
16525114
16525168
16925150
16425416
16025060
19625061
16525134
16325031
16025274
16725263
16125102
16425405
16725218
19625276
16325183
16625369
19925169
16225125
16725394
19925155
16825120
16425113
16725467
16625320
16325215
16425160
16225115
16425409
16925017
16425058
16725039
19925010
16125089
19825126
16525245
16825378
19625242
16925132
19925114
19625096
16825094
19825141
19825155
19725244
16425260
16525040
19625185
16725346
16825440
16625199
19925061
16725220
19825032
19625153
16825032
16225099
16425228
16425172
16325342
16425168
16725095
16625333
16725147
16025296
19625235
16125022
16025367
16425251
19625101
16225053
16325070
16025350
16825317
16125080
16525006
16325270
16825274
16225065
19725291
16725081
16525143
19925057
16625363
16425288
16325358
16025342
19925207
16725268
19625251
16025397
19725303
19725100
16225011
16725323
19925200
16025245
16625017
16025054
16625328
16525136
16625235
16725342
16925174
16425169
16425102
19925183
16925031
19925231
16625442
16725383
16325011
16325422
19925180
16525050
19625256
16725229
16625221
16425046
19925111
16325135
19825021
16825382
16725043
16025388
16125082
16725050
16325222
16325057
16325374
19625275
16925022
16025448
19925007
16625354
16125126
16125119
16025186
16125086
16725048
16425138
16725488
16325156
16925041
19925067
16225072
16825397
16825218
19825120
16325232
16625281
16925245
16725093
19625142
16825297
16325090
16325107
19625195
16625048
16725261
16725022
16525080
19825198
16525268
16425166
16425054
16825246
16925214
16725413
16325193
16725551
16025021
16025354
16425176
16225024
16225161
16725444
16325362
16025475
16825177
16325104
19625132
16125030
19625143
16825260
16925149
16125039
19725039
16925148
16825364
16725074
16825053
16925027
16825076
16625121
16325062
16925299
19825002
16525084
16425313
16325333
16725160
19625199
16625246
16325252
16525252
16625336
16825063
16525200
16525058
16825435
19625165
16725320
16625054
19625073
19925211
16925055
16325032
16725375
19925076
16425289
19925087
16725152
16625266
16425423
16925014
16125047
16725038
16625348
19825004
19825082
19925033
19725193
16825208
16425233
16425421
19625243
19625020
19825016
16725075
16625154
16325192
16425117
16625380
16025038
19825165
16425391
19925210
16525093
16325256
16925063
16725176
16625134
19625079
16925306
16825311
16825414
16225033
16925016
16825180
16425077
19925119
16025374
19825013
16625218
16525280
19825009
16325340
19625149
16925188
16325212
16725001
16625262
16725411
16525074
16825258
16525221
16325290
16325016
16025276
16425089
16425085
16025334
19825083
19725063
19725058
16825331
16725204
16825294
16625299
16725285
16025440
19725213
16725430
16925283
16325365
16825127
16225002
19725379
16425086
16025188
16925393
16125130
16825098
19825136
16425258
16625291
16725214
16325208
16325225
16625393
19825140
16425195
19825116
16925023
19925133
16825109
16025196
16025289
16625183
16025036
16025241
16125125
16525160
19625255
16325163
19725314
19825169
16025168
16625035
16625133
16725225
16625326
16325006
16725201
19825007
16325240
19925068
16525096
16625356
19925171
16025179
19925117
16225174
16425323
16025126
16925277
16625366
16225006
16025139
16425175
19625110
16825043
19725157
16025132
16825295
16025431
19925202
16025284
16725445
16425249
16625416
16625323
16625166
16725379
19625190
16725520
16725386
16225028
16625340
16825458
19925208
19725255
16425074
16225017
16025017
16925233
16425326
16725092
16825183
16925147
19625229
16825072
16425465
16825235
16025009
16025385
16925104
16225019
16425165
16425437
16825021
19825094
19625111
16625395
16725446
16625131
16725482
19825062
16025151
16125071
16125090
16025279
19925009
16625158
16725384
19725212
19825181
16025121
16825350
16625253
16325117
16425031
16025014
16125121
16625179
16825366
16225109
19825022
16325218
19625081
19625046
16625041
16825024
19725011
16725312
16925158
19925078
16025361
16425474
16825399
16625064
16725100
16625198
19625045
16825121
19625239
16025106
16925199
16325210
16625053
16425479
16725254
16725293
16625381
19825001
16025150
19725159
16025137
16625171
19925072
16625341
16125074
16425316
16625243
16025064
19825011
19825099
16425408
16925113
16325337
16225041
19625163
16025394
16925358
16725277
16625194
19725353
16625257
16825230
16825263
16625070
19925037
16225119
16525053
16325398
16325121
16125043
16325399
16825437
16025260
16025379
16825265
16725132
19925172
16725366
19625218
16225009
16225102
16425461
16925194
16025288
16925329
19825012
16925061
16725431
16125061
16325271
16525213
16825387
16325330
19625184
16725357
19925182
16725139
16825267
16525048
16725199
16425402
16325325
16825188
19825197
16925368
16825229
16525027
19925239
16025290
16125007
16825318
16825403
16525004
16825020
16025293
16825168
16125111
16725257
16625303
16525129
16825335
16625293
16525170
16925152
16425322
16125025
16825217
16025129
16025095
16825436
19825100
16325363
16225175
19725031
16425179
16825305
16625111
16025428
16425194
16725161
16625359
19625272
16025071
16425336
16625285
16025362
19825161
16725440
16825138
16525052
16125050
16325314
16425182
16425081
16925137
16825431
16625043
19625115
16825095
16825201
16325350
19925140
16025063
16225069
16625086
16825293
16025275
19825146
16725221
16425403
16525167
16325400
16425007
16425358
19625140
16725448
19825123
16025202
19925141
16025023
16325396
16025043
16625361
16325213
19725050
16725284
16425328
16825054
19825010
16825191
19825104
16825354
19725030
16725172
16325321
16625046
16325221
16125131
16325320
16425191
16425049
19925181
19725069
19825174
16025458
19825046
19725164
16425184
19925001
16525192
16225159
16425267
16025378
16025375
16725188
16825315
16625429
16525281
16025446
16725247
19725307
19625057
16325305
16425065
16325129
16025079
16625178
16325019
16325377
19925165
16025035
19825130
16125139
16025396
16425234
16725583
16725533
19625108
16425124
16325194
19625181
16025085
16325088
16325231
16025110
16825205
16025390
16725338
16625350
19825093
16725051
16825421
16825141
19625224
16025423
16825107
16925197
16525187
16025223
16425167
16625220
16225137
16025229
16225110
16925036
16725295
16725438
16725460
19825030
16425413
19625161
16425311
16725025
16725003
16325115
16725111
16325434
19725203
16325316
16825047
16625242
16425042
16425020
16725137
16325442
16825045
16525153
16825166
19625231
19925116
16725450
16325170
16825240
16825099
16025460
19725384
19725083
16625247
16325220
16325096
16625313
19725261
19825211
16725546
16225048
16025053
16825145
16625222
16025155
16425225
16725211
16225060
19725356
16425217
19925026
19625128
16225038
16025413
16825067
19825157
16425444
16625142
19625011
16025386
16725306
16225066
16825244
16425083
16725008
19825180
16925183
19825102
16725571
16625251
16625248
16925220
19825045
16625065
16225148
16725123
16525086
16825034
16625206
16925232
16625259
19825179
16425178
16625239
16325035
16725496
16225116
16325355
16125099
16325109
16425351
16125001
16725477
16325426
19625069
16025333
16725419
16925237
19825175
16925070
16025270
16025422
16825344
16925127
19625151
16225064
19725195
19725023
19725056
16425297
16425431
16025301
19825052
16125011
16025029
16525072
16825031
16225013
16625304
16425374
16425021
16225029
16825042
16225018
19825159
19725066
16125114
19625248
19825109
19825167
16325351
19725219
16925320
16225068
19825117
16325044
16025461
16625344
16925209
16025395
16825136
16025247
16025091
19825202
16625288
19725171
16125062
16725466
16925236
16825161
16925257
16925204
16125012
16625219
16425207
16425092
16925165
16025181
16625436
16325172
16725567
16825347
16825408
16725184
16725576
16625091
16925105
16825013
19625175
16825160
16625079
19825031
16425096
19725202
16925145
19825108
16725113
16825448
16525104
16325197
16925228
19725040
16425418
16325185
16125036
16225112
16825390
16725191
16325368
16325053
16025192
16825228
16725566
16025263
16925372
16625231
19925071
16725492
19925011
16825365
16325078
16725426
16325378
16625215
16425478
16825108
16225142
16725021
19625031
16625276
16425109
16025049
16625399
16425196
16525236
16025337
16925272
16925202
16025345
16025152
16425173
16725215
16825112
16925361
16025025
16925205
16725170
16425275
16225154
16425442
16025304
16825400
19925059
16325274
16925303
16925193
16625072
16725476
16625275
19925223
16025251
16725311
16825279
19725206
16025318
16825381
16425023
19725339
19925137
16825082
16825341
16625077
16325191
16825074
16625400
16725134
16525009
16725227
16725047
16625355
19825125
16025295
16325216
16825314
16525138
19625266
19825170
16225122
16825207
16125078
16725068
16225133
19825064
16825110
16825117
16325133
16825037
16325100
16025141
16125015
16125107
16925116
16425312
16725399
16325124
19825077
19825039
16825239
16725454
16025250
16325033
16625003
19925187
19925186
16325373
16025282
16725094
19625245
16425280
19925221
16425218
19725290
16925099
16825323
16425392
16625097
16225090
16025209
16325067
16025453
19925193
19625257
19625162
16325278
16125024
16825418
16325203
16225134
16625226
16925071
16225027
16325361
16725073
19725081
19725075
16625051
16325294
16425142
19625156
16825401
16525112
16825249
19725026
19625249
16725279
19625042
16425148
16925058
16925118
16925290
16025044
16525194
19925070
16025403
16425199
16325301
16725090
19925020
16325205
19625122
16025320
16425369
16025389
16425154
16725501
19625125
16625044
16725549
16225030
16725400
19625017
16025465
16725494
16425111
16525005
16025349
19825055
16625130
16225043
16525064
19725207
19625152
16725443
16725187
16425473
16025421
16925135
16825374
16625362
16925133
16725236
16825167
16025249
16025146
16325075
16225026
16725035
16925281
16725192
19925152
16725406
16025360
16925015
16425114
16025082
16725246
16025335
16425278
16625180
16325164
16425016
16725180
16425180
16125097
16825073
16325331
16525106
19825090
19925040
16825371
19925194
16125122
16825334
16425120
16425022
16425055
19825149
16825337
16725272
16025347
16925034
16825407
16825443
16325327
16125016
16825242
16625156
16425155
19625016
19625182
16325390
16925002
19725252
16325382
16625092
19925079
19725270
16825424
16725491
16725392
19625204
16825033
19925167
16625270
16425177
19725072
16425145
16325026
16925010
16725069
16525137
16625459
16225120
19625124
19625180
16725158
16725547
16125108
16525125
19625265
16725146
16925292
16725012
19725344
19725331
16925128
16525149
19725258
16425186
19725101
16425337
16325040
16725420
16425201
16625284
16025331
16525263
16825143
16325250
16425149
16225164
16825277
16525151
16325291
16625232
16225167
16525257
16925044
16425161
16425353
19625213
16625196
16625052
19725220
16425294
16725598
16325289
19825088
16525267
16025227
16025219
16625078
16925120
16825041
16025353
19825018
16625175
16125088
16125141
16825392
19925240
16425314
16925313
16725512
16325076
19725205
19625148
16325312
16625224
16325125
19725152
16725290
16525271
16925069
16625102
16425174
16625075
16425263
16725041
16625193
16325336
16425105
16325265
19925188
16025319
19925139
16925246
19625273
16725370
16725077
16725103
16625321
19725113
16025356
16725343
16825300
16725133
16025123
16825087
19925018
19825203
16325138
16325136
19725348
19625105
16525264
16725112
19725352
16425410
19825076
19825024
16925164
19625093
19725124
16525099
16925239
16525083
16425475
19625123
16125032
16825174
16425359
19725097
16725203
19925191
16325180
16625397
16825224
16325141
19625244
16225062
16525237
16625174
16625345
16825237
19625072
16325357
16725194
16525279
16725059
16025162
16725535
16825426
16825453
19825091
16025322
16225044
16425103
16325028
16025170
19825049
16625339
16325269
16825086
16725528
16225165
16025138
16425067
16425398
16425331
19725346
16825402
16425095
16725365
16425170
19725277
16025262
16825078
16525034
16425364
16825309
19625056
19725082
16825373
16425387
16425133
16825077
16625430
19925081
19625039
16425378
19725025
19725049
16925134
19725371
16625403
16725200
19925041
16725244
16525090
16025384
16825430
16825001
16825346
16525256
19725351
16625447
16325049
19725284
16725532
16825216
16825290
19625117
19925192
16925094
16725292
16525057
16725455
16525031
16325154
16525148
16725107
19625174
16725042
16625162
16925387
16725515
16025307
16025248
16525204
16125110
16525250
16025045
16925179
19625214
16425061
16725513
16625177
16925125
19925005
16825410
16425230
16725548
19725225
19925198
16325017
16825115
16525232
16125067
16425432
16225085
16725570
16925192
19925160
16025372
19925008
16725437
16325311
16825096
16025001
19825153
16325199
16225039
16725126
16725350
16225113
16325036
19925159
16625165
16925189
19725096
19725003
16925348
16025435
16025332
19925176
16225086
16825154
16525247
16825044
19725099
16325074
19625283
16525240
19825164
16425304
16625056
19725089
19825183
16725415
19825193
16025313
19725305
16525156
16925356
16725219
16625453
16625233
16025393
16925045
16325372
16325139
16225016
16525020
19725286
16925084
16925260
16725128
16025148
16925136
16125046
16825278
19625037
16725168
19925016
16325111
16825302
19625116
16325380
16425282
16425232
16025355
16725503
16925219
16425393
16525242
16525265
16425064
16925343
16425395
16025417
19625009
19925032
16625277
16725098
16425204
16625435
16825004
16025039
16825357
19625040
16625300
16725024
16925243
16725390
16325359
19725326
16725308
16425390
16725031
16525116
16625305
16325428
16625124
16325047
16825247
16725456
16425349
16325334
16025167
19925004
16425464
16725097
16425420
19725105
19625186
16425214
16025164
16525196
16525121
16725588
19725135
16125065
16625157
16425044
16725348
16025171
16925221
16325279
19625232
16425269
16325360
16425002
19725232
19925132
16725237
16725587
19725347
16525056
16925173
16425375
16425277
16125133
16725402
16925139
16125115
16725053
16625209
16025111
16425181
16025470
16125004
16025432
16625227
19625075
16025473
16525178
19825038
19625223
16725070
19925225
16425150
19925201
16325229
16725600
16525219
16925327
19625252
19825003
16725508
16525266
16525233
19825191
16525214
16725046
16825428
16725525
16825093
19825111
19725316
16325061
19825101
19925227
19625227
19725070
16825398
16625148
16425005
19725190
16725373
16425057
16325066
16725115
16925126
16325440
16825372
19725156
16325308
16225004
16625164
19725349
16625045
16825175
16425439
16525042
19925212
19625025
16925280
19925108
16525176
16925033
16325162
16925195
16625049
19925148
19925203
16025254
16625119
16725575
19925235
16425216
16325287
16925379
16025056
16625128
16925001
16625252
19725029
19825097
16625244
16125055
16925385
16425458
16525206
16325018
16325224
16625404
19925113
16325131
16525015
16425075
16625022
16925324
19825079
19725211
16225163
16425346
16325084
16825070
16525231
16825153
16925322
16325234
16025439
16325420
16025059
16025407
16525139
19725095
16625015
19825194
16725380
19825089
16525140
16025343
16325015
16425259
19725041
19725012
16925211
19925093
16925235
16425156
16625009
16825452
16725153
16025210
16325055
16525172
16425261
16725361
16825257
19825124
16725542
16725509
16625283
16825015
19725368
16825238
16825245
19625086
16125072
16725391
16725529
19925242
16325427
16025312
16625023
19725215
16425252
16325307
16425389
16325338
19825075
16525183
16325262
16925042
19625183
16025252
16325401
19725151
19725308
16725481
16825022
16125044
19725320
16525105
16725230
16625076
16625377
16325223
16925167
16725409
16925123
19825131
19825086
16025392
16625249
19725196
16125028
16025142
16725404
16325227
16825025
16625088
16625461
16625455
16225157
16225023
16725563
16825406
16625185
19825206
16625059
16725235
16825126
16925180
16525158
16825124
19925098
16425247
16425379
16325237
16825157
19725224
16425219
16325171
16725118
16625310
16125048
16625118
16425318
16725267
16125049
16625213
16625452
19725360
16725474
16925355
16425272
16525021
16025069
16025022
16725186
16725594
16825156
16525212
16025240
16525098
16725422
16325187
16725518
16725377
16425221
16325329
19925131
16625020
16625207
16225008
16425268
16825286
16525164
16525184
19725365
16025315
19625201
19925021
16725273
16725037
19925232
16025437
19825163
19925175
16925003
19625065
16025324
16025097
16325058
16225147
16525182
16725175
16925142
16725352
19625055
16925374
16025072
16925066
16725193
16625099
16625117
16025109
16725013
16625437
16425126
16725341
16625069
19625196
19725024
16925198
19725230
16925216
16525246
19925084
16325371
16825285
19725266
16825137
19625078
16525198
16725083
16825343
16925265
16825324
16925284
16625230
16025173
16525209
16525146
16825369
16425361
19625083
16725381
16525071
16425448
19825033
19725194
16425459
16825338
16325391
16425376
16325030
16025280
16725358
19925051
16725124
19825188
16025450
16325439
16625016
19725180
16325415
16725322
19925088
16025235
19725382
16925266
16125035
16725264
16425069
16725131
16325383
16925248
16525131
19825143
16525259
16425320
16525070
16625454
16625287
19725150
19725120
16025239
16925187
16725207
16825377
16325418
16325277
16625214
16525065
16025468
16125140
16025368
16625426
19925115
16325315
16825178
16625228
16325326
19825081
16525087
16625090
16025115
16325404
19825158
16325120
16725099
16125120
19625269
16025291
16725288
19925126
16625151
16025130
16425371
16825304
16325089
19625207
19625160
16025469
19725287
16025294
16025211
16725174
16425254
16425012
16325306
19725086
16125137
16725316
16725309
19925218
16525154
19725033
16025340
16925362
19625114
19725327
16625005
16025430
16325177
16725382
16825422
16925162
16725568
16925314
16425062
16725452
19925031
16925365
16625073
16325432
16725087
16325233
16425411
16825017
19725183
16025429
16725252
16725030
16925019
16625159
16025244
16925282
19725054
16125142
16025051
19825172
16525258
16325254
16925273
16925293
16225176
16525228
19925024
16825272
16925097
19625166
19725380
16425352
16725202
16525223
16425354
16325447
16625439
16425283
16025019
16925287
16925072
16625413
16225130
16425333
16825432
19825041
19725131
16325093
19825074
19725002
16225091
16825360
19725251
16625011
16525190
16125109
16825151
16825125
19625226
16025311
16925080
16625138
16925269
16425227
16725205
16425248
19625043
16425099
16425321
19625155
19625019
16725283
16025243
16925039
16025197
16725102
19725318
16625170
16325005
16425158
19825051
16025316
19925243
16725173
19825096
16325228
16525067
19725005
16825039
16925271
19725383
16025427
16625280
16525003
16925143
16025405
16525079
16725096
16325281
19725118
16425063
16625039
16425034
16525260
16425240
16625153
19925029
19725134
16825287
16125054
16025213
16725463
16725036
19825121
16725597
16925170
16625292
19725200
19925038
19825063
16925376
16425457
16425108
16825064
16925108
16825269
16125117
16725421
16025317
16425450
16725451
16925102
16425306
16925160
16725080
16525166
16525013
16725329
16425033
16925028
16925029
16925177
16025464
16425025
16425112
19825106
16725208
16025046
16725459
16425210
16425079
16625324
16625343
16725473
16025481
16425127
16325261
19725385
19925125
16225170
16225111
19825148
16725591
16925074
16125057
16925048
16525124
19625102
16825273
16725552
16925360
19925174
19925083
19625225
16625250
19825053
16825185
19925094
16625463
16925191
16025281
19725387
16625147
16825268
16525216
19725132
16625186
16625113
19725001
16625197
16925098
16125073
16325379
19925177
19825050
16025359
16325409
16725555
16325184
19825201
16725423
16425279
16025226
16325332
16625032
16725424
16825226
16325318
16725056
19925003
16425446
16025180
16925309
19725174
19825043
16025218
16225169
16925315
16325039
16425286
19725074
16825189
16525054
19825115
16725270
19725338
16925111
19725093
16425255
19625210
16025216
19725295
16825333
19925022
19825166
16525132
16425185
16025415
16325414
16825389
19725018
19725234
16925261
16425285
19625139
19725296
16725258
16425338
16725470
16725060
19825110
19725253
16925213
16425203
19725301
16025205
16725355
16425341
16425115
16525177
16025184
19925043
16925319
16925262
16425334
16925092
19825152
16025096
16625106
19925244
16925310
16725521
16025087
16925081
19725247
16325348
16725472
16725336
19725136
16025010
19725155
19825037
16925367
19625032
16325387
16625410
16925064
16625188
19825190
16725052
16625050
16925157
16825312
19725035
16725359
16425197
16625145
19625051
16325445
16425428
19925150
16925259
16425202
16625392
16525152
16825282
19725330
16925068
16725319
16725573
19825087
16825079
16625204
16325304
16525220
16325142
19725248
16725590
16325292
19825072
16125026
19625157
16725538
19725147
16425015
19725036
16725495
16025425
16925130
16625123
16725569
19625052
16625462
16625212
16425273
16925291
19725221
16725340
16425468
19625119
19725108
16725565
19625104
16725259
19625080
19925107
16925226
16525055
16925006
19725227
19725337
16825411
16325303
16825135
19625127
16625374
16025265
19725051
16325168
16125069
19625262
16925144
19625205
16725121
16625071
19925028
16825348
19725084
16025037
19725298
19725014
16325349
16425091
19825129
16625110
16725275
19625263
16325286
16525085
16625378
16425257
16825353
16925210
19625033
16025346
16725084
16025287
16925168
16525017
16625109
19725115
16525189
16525249
19625145
16625082
16325317
16425296
16925370
16425035
16725333
16325126
19825162
16425087
16325167
16925212
16325051
16825266
19725363
19825105
16525107
19725045
16225100
16425048
16825255
16925296
16725425
16025321
16725407
19725004
16825059
16725002
16525038
16925258
19725158
16825062
16325319
16625357
16625160
16825455
16225156
16025382
16025443
16725531
19825192
16325195
16725149
16625301
16825342
19625076
16325376
16825415
16825089
19725210
19725046
16825075
16925043
16925395
16425438
16825158
16725105
16625346
16725367
16725581
16925169
19725114
16125033
16025442
19925034
19725328
16025459
19725297
16725007
16825283
16025117
16325417
19725133
16425019
16025409
19725145
19925101
19725280
16825253
16025424
16425028
19725064
19625167
16925005
16025201
16425370
16625066
19725165
19925224
16825306
19725027
19925151
16625211
16825252
16725539
16325038
16725519
16325410
16725297
16825130
16425401
16925375
16525127
19625077
19625267
16425298
16325413
16025256
16325034
16725564
16225078
16425384
16825122
16425100
16325433
16725327
16625007
16625008
16425157
16925054
16025075
19925042
19725198
16725287
16425198
16425433
19925019
16925009
16925151
16625349
19825020
16725018
16525115
16925153
19625270
16025002
19725235
16625084
16625286
16625440
19625176
16825038
16425078
16025003
16725141
16625309
16125056
16025101
16725239
16025217
19725019
16525243
16325157
16025124
16925107
16625390
16425039
16725530
16825085
16025363
16325280
19925082
16725212
16625018
16425295
16725433
16725138
16725251
16525077
16725489
16325041
16025327
16925007
16825232
16725356
19725375
16125091
19625147
16625060
16725498
16425212
16325268
16425386
16125103
16425440
16125008
19725216
16525235
16625329
16025370
16925279
16725195
16825169
16325175
16625302
16525047
16425123
16625055
19625282
16925247
16725122
16425429
19925217
16625279
16025476
16625353
16325025
16425400
16525174
16825412
16225153
16725276
19725104
19625029
16425266
16425137
16825131
16725553
16925222
16825351
16725523
16425003
16025028
16825236
16925057
16525002
16325366
16125017
16625223
16725232
16325178
19825195
16725497
16325064
16125085
19925130
16625116
16725578
16525227
16825155
16525024
16725412
16625424
16425449
16025366
19925219
16925264
19925039
16325127
16625238
16625081
16825340
16725324
16225071
19625228
16425053
16625001
19625217
16225149
16525185
16425128
16425187
16925301
16525126
16025102
19925189
16325424
16025143
16525103
16025224
19925123
16425417
19925161
19825145
16025369
16325134
16625445
16225143
19725256
16825233
16725465
16625330
16025238
16425381
19825056
16625136
19725094
16825327
16425151
16725177
16825206
16425014
16725504
16025026
16825368
19725182
16025330
19725116
19925170
19725149
16825301
19725357
16825132
16825118
16025410
16925242
16025462
19825171
16025309
16225059
16625026
16825164
19825066
16825006
16825385
16225080
16725330
16425256
19725262
16325344
19725271
16025467
16825308
19625173
16825339
16825270
16325068
19625241
19725376
16025103
16825152
19825065
16125037
16425309
19725283
16525135
16425303
16925067
16225168
16325324
16125081
16425220
16725527
16025112
16825310
16625298
16025166
19625209
19725022
16325322
16825262
16725019
19925092
16325065
16325275
19925002
16025203
16325393
19825154
16025128
19725048
16925215
19925234
19825160
16325375
16825114
16725216
16025108
16025399
16625135
16425452
19925055
16225171
16825203
16425164
19725218
16325209
19925086
19925099
16425445
19625024
19725317
19825187
16625438
19925110
16425144
19825122
16925229
16825413
19925074
19625240
16325052
19625021
19625131
16325186
16825088
16025100
16425066
16925285
16825223
16525019
16025236
16925171
16725011
16525081
16225135
16025234
19625137
16725543
19625071
16625432
16325264
16825210
19825113
19625049
16825129
16825084
19625285
16425229
19725239
16625314
16425244
16025246
19925134
16425110
16425339
16525205
19925204
16325444
16325249
16725408
16825028
19925215
16725278
19725289
16725385
16825179
19925053
16025220
16725167
16225056
16025068
19625100
16625025
16325369
16625272
16725580
19725263
19625138
16725148
16725345
16525141
16925218
16925338
19825029
19725052
16025339
16425097
16625296
16825319
16725162
19725222
16425183
16925276
16525068
16025120
19925214
16925117
16525028
16825444
16925270
19625091
16425026
16025193
16525217
16325099
16725108
19925138
16025326
16025169
16325206
19725073
16625315
16825113
16825358
19825040
16725574
16225014
16525276
19925106
16025134
16825345
19925233
16425245
16325009
16525097
16425345
16825394
16025008
16725469
16525255
16725058
16425094
16425101
16025300
16025055
16625370
16625143
16825142
16125014
16325230
16825165
16625002
16025242
19825134
16825214
16425470
16625265
19725233
19725265
19825023
16825111
16425010
19625168
16125053
16325083
16425004
16125112
16625182
16625375
16725328
19825156
16825393
16025258
19825205
16025253
16825284
16725217
16625103
16825221
16125066
19825144
16025323
16725143
19825054
16425045
16625405
16025088
19725264
19825133
16725362
16425159
16325082
19625023
19625279
16025140
16825222
19625007
16125038
16425235
16825325
16025020
16725303
16425343
16325106
16825148
16625373
19725127
16025255
16825292
16825202
19725177
16825170
16625411
16025118
16925217
16625063
16725281
16025011
16825058
19625064
16825427
19625002
19925030
16825060
19725275
16425146
19925185
16325425
16825359
16925253
16725296
16925155
16825040
16925311
16925354
16425427
16425119
16025113
16625274
16625451
19725299
19725173
16825009
19625191
16725493
16425188
16725378
16025024
16425324
16025034
16825102
16925172
16925330
16625385
16925326
16725416
19625097
16725429
16025420
16825445
16325143
19925089
16625150
16725579
16525169
16025206
16825057
16125041
19725129
16525191
19725144
16325037
16025185
16725441
19725122
16625458
16925073
16025107
16825018
16325395
16225063
16625114
16625394
16725589
16925013
16025306
19625118
16925115
16325181
16525238
19725260
16625027
19725238
16725388
16525155
19725184
16725505
19725061
16825417
16025031
16525197
16825219
16825101
16025358
16025426
16525269
16425047
16825091
16725157
16325267
16425447
16325148
16325174
16325022
16825139
16525273
16725045
19625212
16825450
16025198
16625414
16725150
16625187
16325392
16925026
16725478
19725021
16825419
16925090
16925053
16425373
16025122
19825128
16325045
16525120
19625136
16525270
16325381
16325386
16325002
19725092
19925216
16725585
16525147
19825151
16925351
16725066
19725345
16825454
16025228
16525025
16825008
19625194
16925333
16825261
16825092
16325352
16325438
16325145
16925307
16625245
16625004
16025233
16725332
16725397
19725125
16625368
16025081
16025215
16725395
16825184
16425430
19725123
16825449
16825212
16325085
19825025
16925244
16425404
16425192
16325098
16425070
19925153
16125084
16325248
16925085
19725047
16925345
16425482
19625004
16725165
16525248
16425222
19725370
16325108
19725319
16725536
19725140
16825380
16425456
19725153
16325388
19625247
16525069
19625221
16925184
16825256
19625012
19725292
16825104
16325364
16325128
16025477
16625431
16825439
19625178
16025273
16625202
16825370
16625038
16425037
16825007
16625415
16925175
16525119
16325217
16425293
19925096
19625261
16725189
16425363
16825271
16925373
16525039
19725080
16725114
16625037
19725313
16425122
19925195
16925364
19825084
16825055
19625260
16925288
19725128
19725168
16025377
16825379
16325196
16725507
16625189
16625067
16925323
16325335
16325086
16925088
16725265
16725339
19925045
19725333
16225118
19725304
16425471
16025445
16925342
16525145
16325394
19725281
16425226
16825367
16325419
16525229
16925352
16925225
19725053
16725479
16825123
19725336
19725068
16425224
16325441
16625372
16425462
16425036
16925100
16725166
16925386
19725268
16525032
16425242
16625371
16925163
16925297
16925224
16425481
16325063
16225096
16925025
16325198
16425236
16825363
19725325
16525049
19725139
16825069
16325023
16725510
16825083
16325302
16525010
19725037
16525037
16725017
16425043
19725146
19725278
16025341
16925234
16825150
16725065
16025404
16325405
16725226
16925004
16425287
19925046
16925251
19725179
19825207
16625152
16925334
16325255
19625197
16225083
19725302
16025454
16525130
16425189
16825241
16325007
19725191
19925238
19825015
16825016
16025207
16025050
16625427
16725427
16325235
16125093
16925371
16025189
16025414
19925044
19725217
16625422
16425480
19725189
16325345
16725560
16925159
19725340
16925095
16825194
16925353
16825438
16325166
16325257
16025308
16825103
16725082
16325056
16925302
16525278
16625446
16825200
16425406
16725557
16325130
16425455
16425350
19925209
16925093
16325204
19725034
16325276
16325054
16525159
16025145
16925382
16425068
16725351
16725181
19825168
19725273
16425059
16825171
16625308
16725198
16725559
16625273
16725475
16325283
16625093
19725106
16625192
16525108
19925065
16525089
16525100
19925157
16025067
16125021
19725162
16125042
16425018
19725170
16325384
19625250
16025257
16425013
16325101
16025154
16625126
16425329
16625029
19725274
19725329
16225093
19725257
19825173
16725249
16025329
16225126
16725541
16825349
19925118
16625176
19825196
16125064
16325244
16725034
16025175
16825220
16825192
16825388
16025303
16725079
16325073
16525230
16625448
16425009
19725160
16525173
16725461
16725315
16725545
19925197
16025172
16525142
19625188
19725154
16725334
16825376
19825212
19825208
16925119
16725120
19725209
19725246
16825355
16425001
19725250
16925380
19725366
16725414
16725584
16125132
16625325
16025159
16025286
16625006
16725371
19925121
16625201
16925337
19925122
19825071
16825446
16225040
19725374
19825209
19825067
16825066
16625358
16625376
16325094
16625237
16425436
16325339
16825163
16925020
16625391
16825052
19725188
19925229
16825405
19725312
16725335
16725062
19925075
16525239
16725447
16025380
19725373
19725229
16625421
16825404
16825460
16325436
19625268
16625417
16625127
16425441
19625094
16725032
16425454
19825199
16625062
16425162
16525195
16825133
16825213
16725592
16625241
19825095
16325412
16225046
19725343
16825423
16925384
16425472
16925394
19725288
16525161
19725110
16325437
19625133
16925012
19925012
16025033
19725067
16825384
16825068
16625316
16425451
19725341
19725378
16625337
16525241
19825042
16725325
16425072
16025455
16525063
19725223
19625001
19725323
19825189
19925199
16725595
19725175
19725315
16625031
16725516
19925228
16425134
19825057
16625033
16725140
16325059
16425484
16825159
16625398
16625317
16225095
16825281
16825061
16625460
16825434
16925378
19725294
16825080
19725381
16725514
16925075
16425424
19625085
19825098
16425443
16425135
19725107
16025412
16425485
16925103
16625386
19825112
16225036
19725245
16725522
16625155
19725321
19725309
19725103
16925294
19925112
16425274
19725237
16325285
16625332
16625190
19825070
16325219
16025451
16725033
16925369
16525193
16825003
16525133
16325411
19725017
16725078
16725434
16725517
16325173
16025472
16125058
16925181
19725008
19925104
16425366
16525175
16425362
16625095
16725223
16825409
16625295
16925052
16825361
16725260
16325048
16325263
19725006
16625169
16125075
16325103
19725311
19825127
16125134
19825135
16625163
16725405
16025398
16025482
19625246
16925110
19725085
16925274
19725038
16325042
19725057
16625167
19925128
19625230
16725206
16825328
19725119
16925340
16725596
19725364
19925196
16125060
16325300
16925341
16425093
19725062
16825046
19625216
16725163
16325160
16825211
16825280
16825316
16625396
16125136
19625060
16125070
16825227
19625284
16725190
16725044
19925147
16725582
19725044
19725310
16825275
16025278
16625161
19725242
16625172
16025479
19625041
19825008
19825204
16625255
19725141
19725142
16625318
16625294
19725322
16525262
16425483
19725354
19725300
16225158
16725091
16825433
16625418
16625441
19725060
16925086
16725486
19725254
16825209
19825147
16425209
16825050
16825383
16025441
16725554
16025480
16025434
16625139
19925073
19625003
16925346
16325097
16725354
19825210
16825307
16425399
16525030
16125083
16525180
16425460
19925077
16625256
16125094
16725331
19725148
16025099
16725182
19725249
19725010
16625312
16725307
19725241
16925030
16325423
16025416
19925146
19625208
16625456
16625089
16825447
19825028
16525043
16625040
16625267
16025433
16725234
16725129
16025463
16825027
16625125
16325403
16825457
16725314
19725187
16025078
16925140
16425477
16625457
16925359
19925164
19825017
16125052
16425211
16925185
16425397
19625170
16425291
16925366
16525261
16825225
19625179
16825441
16025471
16325012
16625036
19625129
16725360
16925363
16525222
16525244
19825150
16025077
16325367
19725372
16825182
16925392
19725009
19725077
16725106
16725256
16925336
16925335
16725556
16525275
16525272
16025084
19725359
19825184
16925161
19925230
16225021
16625408
16725418
19725186
16425435
16925391
19725079
16525210
16025062
19725361
16725262
16225005
16525082
16625184
19825200
16525224
16425347
16925388
16925252
19625286
19925241
16525253
19725377
16825056
19725042
16225082
19725071
16425453
16925325
19625022
19725208
16325446
19625038
16825451
16625327
19725016
16325430
16825459
16625087
19625059
19699002
16225070
19625068
19699001
16025214
19625281
16225058
16025328
19725388
16725178
19725386
16325408
16425121
16925275
16025047
16625443
16325407
19625280
19725369
19725272
19625088
19625277
19725367
16825002
16425380
16425163
16725537
16525211
16725599
16725127
16525092
16725586
16525202
16525199
16525122
16025325
16125098
16625141
19925047
16825215
16325296
16825264
16425290
19625192
16825251
16925383
16925154
16025452
19725161
16625258
16925389
16325010
16025438
19725143
19725130
19725126
19625008
19925124
19825103
16025419
16725209
16725029
16725410
16225151
16725020
16025408

